# Target brightness temperatures relative to PJ1345689/PJ1345689.Tstd1:
# par:     0.39602       0.688     0.23937     0.53345     0.63482     0.55115      0.3592     0.49518  -0.0041467     0.02199     0.60878      1.4615      1.7061     -1.8247      3.3708     0.66219    -0.24142    -0.35228    -0.10704    -0.66131     -0.5888    -0.77536     -1.0154    -0.63099
# lnp:      -14.45
         6         3
    869.1111   -383.6134   -169.6792
    473.2921   -153.5987    -13.3346
    328.7515    -69.8046    -32.5241
    244.3224    -47.3837    -17.2956
    186.3286    -30.4792     -8.9073
    138.2083     -8.5914     -8.0982
# Inverse covariance matrix:
         6         3         3
     0.01322   7.306e-05  -3.026e-05
   7.306e-05    0.004676   0.0002072
  -3.026e-05   0.0002072   0.0009257

     0.04456   0.0003507  -9.772e-05
   0.0003507     0.02028   0.0009472
  -9.772e-05   0.0009472    0.002815

     0.09246   0.0007063  -0.0002706
   0.0007063       0.126    0.006595
  -0.0002706    0.006595      0.0293

      0.1674    0.001478  -0.0004965
    0.001478      0.2372     0.01293
  -0.0004965     0.01293     0.04939

       0.288    0.001427  -0.0008152
    0.001427      0.8448     0.04245
  -0.0008152     0.04245      0.2709

      0.5233    0.007927   -0.001413
    0.007927       2.415      0.1299
   -0.001413      0.1299      0.3146

# Additional TP data:
         6         3
      0.9872         165           2
      0.6575       146.7           2
       0.438       130.3           2
      0.2917       120.9           2
      0.1943       115.5           2
      0.1294       113.4           2
