# Target brightness temperatures:
         6         3
    861.1020   -347.4340   -219.2330
    461.6800   -149.4890    -32.5420
    329.7060    -68.5570    -36.6690
    244.3950    -43.7790    -23.2890
    187.6380    -25.0740     -9.1820
    139.1210     -4.6470     -5.0620
# Inverse covariance matrix:
         6         3         3
    0.005269    9.58e-05  -0.0002086
    9.58e-05   0.0007092   0.0001519
  -0.0002086   0.0001519   0.0009873

     0.03921    0.002614  -0.0008734
    0.002614     0.03887     0.02052
  -0.0008734     0.02052     0.01872

     0.08909    0.005828   -0.007335
    0.005828      0.1427     0.08218
   -0.007335     0.08218      0.1114

      0.1535     0.02131     0.02451
     0.02131       0.274     0.02969
     0.02451     0.02969      0.1629

      0.1922     0.07583     0.02364
     0.07583      0.6404      0.1258
     0.02364      0.1258     0.08014

      0.1922     0.04931     0.05511
     0.04931      0.5159      0.1913
     0.05511      0.1913      0.3335

# Additional TP data:
         6         3
      0.9872       164.9           2
      0.6575       148.5           2
       0.438         132           2
      0.2917       119.5           2
      0.1943       116.3           2
      0.1294       114.8           2
