# Target brightness temperatures relative to PJ1345689/PJ1345689.Tstd1:
# par:       0.506     0.65498     0.84611     0.75381     0.68463     0.28147     0.37857     0.39932     -2.3966     -1.9301      -2.333     -4.4129     -14.446     -26.253      -9.171      0.1438     -0.1542    -0.31916      -0.498    -0.70595    -0.90867    -0.79324    -0.37133     0.38425
# lnp:     -13.112
         6         3
    885.1508   -387.8039   -182.2122
    473.8892   -156.8670    -20.4533
    324.2651    -69.0460    -24.5209
    243.1439    -44.3280    -22.5771
    185.2700    -25.2350     -6.2127
    142.3125     -4.1967     -7.4333
# Inverse covariance matrix:
         6         3         3
     0.01274   3.416e-05  -1.318e-05
   3.416e-05    0.005249    0.000228
  -1.318e-05    0.000228    0.001349

     0.04445    0.000186  -4.588e-05
    0.000186     0.02392    0.001138
  -4.588e-05    0.001138    0.004067

     0.09506   0.0003621  -0.0001729
   0.0003621      0.1551    0.008203
  -0.0001729    0.008203     0.04831

      0.1691   0.0008274   -0.000289
   0.0008274       0.322     0.01657
   -0.000289     0.01657     0.07601

      0.2913   0.0009764  -0.0005919
   0.0009764       1.272     0.06497
  -0.0005919     0.06497       0.446

      0.4936    0.006152  -0.0008997
    0.006152       4.435      0.2356
  -0.0008997      0.2356      0.5146

# Additional TP data:
         6         3
      0.9872       164.5           2
      0.6575       146.5           2
       0.438       128.7           2
      0.2917         119           2
      0.1943       113.4           2
      0.1294       110.9           2
