# Target brightness temperatures:
         6         3
    863.5120   -339.6450   -221.0850
    463.3730   -147.8220    -35.2140
    330.3240    -69.2570    -37.3790
    244.3320    -42.2390    -24.8670
    188.0300    -24.4330     -9.2450
    139.3300     -4.1290     -6.7950
# Inverse covariance matrix:
         6         3         3
    0.005356   1.754e-05  -5.341e-05
   1.754e-05   0.0007554   0.0001713
  -5.341e-05   0.0001713   0.0006401

     0.04112   0.0007655   -0.001881
   0.0007655     0.03786     0.01584
   -0.001881     0.01584     0.01516

     0.08975   0.0009111   -0.002016
   0.0009111      0.1737      0.0239
   -0.002016      0.0239     0.07658

      0.1483     0.00655    -0.01574
     0.00655      0.4193      0.1388
    -0.01574      0.1388      0.1333

      0.1977     0.03884     0.00897
     0.03884       0.544      0.2467
     0.00897      0.2467      0.1622

      0.2128      0.2521     0.07023
      0.2521       1.827      0.7381
     0.07023      0.7381      0.3446

# Additional TP data:
         6         3
      0.9872       164.8           2
      0.6575         147           2
       0.438       131.7           2
      0.2917       119.8           2
      0.1943       115.2           2
      0.1294       112.8           2
