# Target brightness temperatures relative to PJ1345689/PJ1345689.Tstd1:
# par:     0.88689     0.14254     0.61135     0.25324     0.51296     0.42379     0.69333     0.38409    -0.32966  -0.0056588      2.3659     -12.359     -23.142     -26.709      3.6005    0.020729     -0.3698    -0.50237    -0.28138    -0.47733    -0.89075    -0.81706     -0.1624     0.46207
# lnp:     -12.431
         6         3
    882.8214   -387.7941   -197.0756
    472.7713   -158.5766    -14.3693
    322.6702    -64.4921    -28.1384
    241.6603    -35.7685    -29.4574
    183.4923    -22.1556     -7.2166
    136.7351     -5.3184      0.5145
# Inverse covariance matrix:
         6         3         3
     0.01281   6.985e-05  -2.717e-05
   6.985e-05    0.004482   0.0001923
  -2.717e-05   0.0001923   0.0008321

     0.04465   0.0003365   -9.11e-05
   0.0003365     0.01881    0.000854
   -9.11e-05    0.000854    0.002491

     0.09597   0.0007743  -0.0002588
   0.0007743      0.1335    0.006946
  -0.0002588    0.006946     0.02686

      0.1711    0.001842  -0.0004176
    0.001842      0.2884     0.01441
  -0.0004176     0.01441     0.04185

      0.2969    0.002228  -0.0007687
    0.002228       1.219      0.0609
  -0.0007687      0.0609      0.2421

      0.5346    0.008682   -0.001386
    0.008682       2.469       0.136
   -0.001386       0.136      0.2883

# Additional TP data:
         6         3
      0.9872       164.2           2
      0.6575       145.4           2
       0.438       128.4           2
      0.2917       118.3           2
      0.1943       112.3           2
      0.1294       109.9           2
