# Target brightness temperatures relative to PJ1345689/PJ1345689.Tstd1:
# par:     0.66321     0.12592      0.4613      0.4589    0.042897     0.23361     0.70314     0.37611     0.23479    0.022557     -1.8977     -7.9742      0.5789     -33.878      3.3292   -0.054058    -0.11474   -0.029636    -0.36464    -0.37941    -0.30596    -0.79747    -0.82887     -0.1572
# lnp:     -10.379
         6         3
    853.5552   -382.3985   -167.6945
    467.1670   -150.7105    -20.3712
    321.8079    -67.4026    -23.0407
    240.7960    -42.1169    -12.7834
    183.6589    -28.0863     -8.9077
    137.2047     -6.9901    -11.8626
# Inverse covariance matrix:
         6         3         3
      0.0137   7.851e-05  -3.037e-05
   7.851e-05    0.004818   0.0002152
  -3.037e-05   0.0002152    0.001011

     0.04573   0.0003884  -9.718e-05
   0.0003884     0.02145    0.001012
  -9.718e-05    0.001012    0.003079

     0.09648    0.000749  -0.0002854
    0.000749      0.1356    0.007402
  -0.0002854    0.007402     0.03321

      0.1723     0.00167  -0.0004985
     0.00167      0.2755     0.01536
  -0.0004985     0.01536     0.05488

      0.2964     0.00159  -0.0008434
     0.00159      0.9687     0.04874
  -0.0008434     0.04874      0.2942

       0.531    0.008614   -0.001346
    0.008614       2.717       0.138
   -0.001346       0.138       0.321

# Additional TP data:
         6         3
      0.9872       164.5           2
      0.6575       146.2           2
       0.438       130.3           2
      0.2917       121.2           2
      0.1943       116.1           2
      0.1294       114.2           2
