# Target brightness temperatures:
         6         3
    849.0880   -342.4710   -206.2690
    455.7910   -143.3800    -31.9920
    328.4320    -67.0670    -29.0860
    248.2570    -43.1670    -15.4520
    194.5590    -23.7820     -8.7320
    144.8170     -3.4180     -7.9240
# Inverse covariance matrix:
         6         3         3
     0.00553   4.933e-06  -6.674e-06
   4.933e-06   0.0007685   6.314e-05
  -6.674e-06   6.314e-05    0.001405

     0.04212   0.0009256  -0.0001078
   0.0009256     0.04951     0.01576
  -0.0001078     0.01576     0.01542

     0.08981    -0.00311   0.0007248
    -0.00311      0.1967     0.04561
   0.0007248     0.04561     0.05572

      0.1229    -0.01569    0.001926
    -0.01569      0.4698      0.1113
    0.001926      0.1113      0.0616

      0.1216    -0.02291    -0.01029
    -0.02291      0.6147      0.2115
    -0.01029      0.2115     0.08669

      0.1423     0.06484     0.01344
     0.06484      0.3182      0.1501
     0.01344      0.1501      0.1063

# Additional TP data:
         6         3
      0.9872       163.7           2
      0.6575       148.9           2
       0.438       131.5           2
      0.2917       119.7           2
      0.1943       114.5           2
      0.1294       110.5           2
