# Target brightness temperatures relative to PJ1345689/PJ1345689.Tstd1:
# par:     0.32489     0.29224     0.73261     0.66419     0.15121     0.13214      0.6679     0.36015     -1.9515    -0.84506     0.27233     0.37301     -5.7569     -38.077    0.014243     0.18614    -0.39852    -0.36716    -0.16024    -0.67954    -0.62955      -0.637     -1.0701    -0.48529
# lnp:      -13.37
         6         3
    884.0529   -389.3117   -193.3075
    472.5805   -153.1420    -11.4803
    322.8266    -64.1159    -30.5441
    240.4821    -32.7869    -26.0117
    186.3145    -24.0065     -2.4858
    142.3084     -5.8961     -3.0684
# Inverse covariance matrix:
         6         3         3
     0.01275   6.248e-05  -2.226e-05
   6.248e-05    0.004922   0.0002115
  -2.226e-05   0.0002115    0.001097

      0.0446   0.0003367  -7.652e-05
   0.0003367     0.02256    0.001051
  -7.652e-05    0.001051    0.003365

     0.09585   0.0006315  -0.0002274
   0.0006315      0.1567    0.008081
  -0.0002274    0.008081     0.03794

      0.1727    0.001707  -0.0003734
    0.001707      0.3804     0.01931
  -0.0003734     0.01931     0.06055

       0.288    0.001564  -0.0007915
    0.001564       1.274     0.06744
  -0.0007915     0.06744      0.3725

      0.4935     0.00758   -0.001272
     0.00758       3.346      0.1875
   -0.001272      0.1875      0.4245

# Additional TP data:
         6         3
      0.9872       164.1           2
      0.6575       145.8           2
       0.438       128.1           2
      0.2917       117.9           2
      0.1943         113           2
      0.1294       111.6           2
