# Target brightness temperatures:
         6         3
    841.6720   -345.2640   -193.7570
    453.7310   -141.6860    -35.7440
    326.9770    -65.2700    -34.9310
    247.6490    -41.5290    -19.6590
    194.9770    -24.7410     -9.4570
    147.0340     -4.9540     -9.1290
# Inverse covariance matrix:
         6         3         3
    0.005052  -4.595e-05   0.0002179
  -4.595e-05   0.0007469   0.0001109
   0.0002179   0.0001109    0.001258

     0.04244    0.000834   0.0008847
    0.000834     0.04695       0.016
   0.0008847       0.016     0.01434

     0.08828    0.002204    0.005432
    0.002204      0.1078     0.02441
    0.005432     0.02441     0.04358

      0.1371    -0.01474   -0.008167
    -0.01474      0.2502      0.1328
   -0.008167      0.1328     0.09816

      0.1413    -0.01723    0.002621
    -0.01723      0.1882      0.0535
    0.002621      0.0535     0.02152

      0.1505      0.0483    0.008002
      0.0483      0.1356     0.01077
    0.008002     0.01077     0.03865

# Additional TP data:
         6         3
      0.9872       164.4           2
      0.6575       148.6           2
       0.438       132.4           2
      0.2917       120.2           2
      0.1943       115.5           2
      0.1294       111.3           2
