# Target brightness temperatures relative to PJ1345689/PJ1345689.Tstd1:
# par:     0.15244     0.75554     0.83664     0.13229     0.17448     0.63451      0.3933     0.36114     -1.0348     -1.3741        1.09       1.445      -8.026     -28.319     -5.7979     0.69215    0.083626    -0.35431    -0.37692    -0.36571    -0.43863    -0.78694    -0.84549    -0.66749
# lnp:     -10.541
         6         3
    867.7545   -383.3921   -161.3304
    472.0300   -151.6150    -16.2872
    326.3753    -66.6407    -35.9412
    244.8311    -42.8746    -32.8619
    187.0438    -31.3729     -9.1609
    139.6103     -9.8894     -1.2676
# Inverse covariance matrix:
         6         3         3
     0.01327   3.951e-05  -1.965e-05
   3.951e-05    0.005209   0.0002332
  -1.965e-05   0.0002332    0.001276

     0.04483      0.0002  -6.291e-05
      0.0002     0.02421     0.00116
  -6.291e-05     0.00116    0.003915

     0.09383   0.0004509  -0.0001997
   0.0004509       0.157    0.007901
  -0.0001997    0.007901     0.04285

      0.1667    0.001012   -0.000327
    0.001012      0.3205     0.01537
   -0.000327     0.01537     0.06624

      0.2858   0.0008005  -0.0006525
   0.0008005      0.8978      0.0451
  -0.0006525      0.0451       0.422

      0.5129    0.005386   -0.001227
    0.005386       3.174      0.1851
   -0.001227      0.1851      0.5316

# Additional TP data:
         6         3
      0.9872         165           2
      0.6575       147.3           2
       0.438       129.4           2
      0.2917       119.5           2
      0.1943       114.3           2
      0.1294       112.4           2
