# Target brightness temperatures relative to PJ1345689/PJ1345689.Tstd1:
# par:     0.42291     0.42473      0.1556    0.099816     0.54262     0.75952     0.59295     0.42344    -0.47862   0.0095757      0.4155     -0.2032     -15.883     -21.815     -2.9975     -0.2598    -0.15432     -0.0767    -0.38995    -0.51485    -0.79019    -0.61698    -0.29622     0.51353
# lnp:     -11.554
         6         3
    858.9318   -371.3523   -173.2003
    473.0297   -148.4878    -12.6042
    329.8412    -70.6790    -32.5997
    246.9273    -46.6597    -21.2878
    191.6992    -26.7300     -7.5584
    150.7138     -7.0450     -8.4941
# Inverse covariance matrix:
         6         3         3
     0.01352   6.471e-05  -2.407e-05
   6.471e-05    0.005425   0.0002298
  -2.407e-05   0.0002298    0.001156

     0.04457   0.0003284  -7.603e-05
   0.0003284      0.0237    0.001069
  -7.603e-05    0.001069    0.003235

     0.09185    0.000471  -0.0002128
    0.000471       0.149    0.007273
  -0.0002128    0.007273     0.04209

      0.1639    0.001038  -0.0003813
    0.001038      0.3008     0.01519
  -0.0003813     0.01519     0.07065

      0.2721    0.001084  -0.0006751
    0.001084        1.16     0.05564
  -0.0006751     0.05564      0.3921

      0.4401    0.006151   -0.001017
    0.006151       3.841      0.1929
   -0.001017      0.1929      0.4552

# Additional TP data:
         6         3
      0.9872       163.8           2
      0.6575       150.3           2
       0.438         130           2
      0.2917       121.9           2
      0.1943       121.1           2
      0.1294       123.2           2
