# Target brightness temperatures relative to PJ1345689/PJ1345689.Tstd1:
# par:     0.93887     0.68289     0.40519     0.78895     0.22159     0.69912     0.69017     0.34925     0.58164    -0.75543     -0.8064    -0.94901     -24.345      -51.93     -8.2914   -0.023718    -0.35552    -0.41212    -0.29943    -0.77043    -0.83188    -0.54801    -0.16143     0.16116
# lnp:      -12.73
         6         3
    884.4625   -395.8565   -176.8660
    473.1713   -156.8249    -18.7650
    325.7912    -71.4056    -29.0552
    242.0361    -47.7928    -11.6161
    186.7493    -22.9769     -5.3492
    141.7483     -3.9545    -11.8349
# Inverse covariance matrix:
         6         3         3
     0.01275   6.686e-05  -2.627e-05
   6.686e-05    0.004819   0.0002068
  -2.627e-05   0.0002068    0.001097

     0.04452   0.0003588  -8.681e-05
   0.0003588      0.0216   0.0009782
  -8.681e-05   0.0009782    0.003095

     0.09413   0.0005798  -0.0002499
   0.0005798      0.1379    0.007093
  -0.0002499    0.007093     0.03765

      0.1705     0.00126  -0.0004664
     0.00126      0.2702     0.01474
  -0.0004664     0.01474     0.06464

      0.2867    0.001721  -0.0007818
    0.001721       1.346     0.06825
  -0.0007818     0.06825      0.3482

      0.4975    0.008503   -0.001134
    0.008503       3.482      0.1676
   -0.001134      0.1676      0.3466

# Additional TP data:
         6         3
      0.9872       164.6           2
      0.6575       146.2           2
       0.438       129.1           2
      0.2917       119.7           2
      0.1943       114.7           2
      0.1294       112.7           2
