# Target brightness temperatures relative to PJ1345689/PJ1345689.Tstd1:
# par:     0.39062     0.26844     0.33543     0.23701     0.89968     0.34009     0.69898     0.54054     -1.1224     -1.2907     0.37669    -0.13208      -8.123     -10.776     0.82367   -0.017058    0.010808    -0.55245    -0.48336     -0.4443    -0.84563    -0.75594     -0.2388     0.47405
# lnp:     -14.268
         6         3
    874.6843   -376.0582   -182.8634
    477.7530   -156.6703    -11.2370
    330.2422    -69.9864    -32.2330
    246.6226    -47.8169    -18.7322
    191.6220    -26.4586     -8.6577
    153.2536     -5.8539     -9.9612
# Inverse covariance matrix:
         6         3         3
     0.01304   4.519e-05  -1.684e-05
   4.519e-05    0.005506   0.0002341
  -1.684e-05   0.0002341    0.001303

     0.04371    0.000231  -5.635e-05
    0.000231     0.02374      0.0011
  -5.635e-05      0.0011    0.003757

     0.09164   0.0003605  -0.0001717
   0.0003605      0.1574    0.007704
  -0.0001717    0.007704     0.04876

      0.1643   0.0007709  -0.0003187
   0.0007709      0.3071     0.01592
  -0.0003187     0.01592     0.08379

      0.2723   0.0008536  -0.0005724
   0.0008536       1.219     0.05792
  -0.0005724     0.05792      0.4551

      0.4257    0.005295  -0.0007855
    0.005295       4.546      0.2208
  -0.0007855      0.2208      0.5071

# Additional TP data:
         6         3
      0.9872       163.9           2
      0.6575       150.2           2
       0.438       130.5           2
      0.2917       122.2           2
      0.1943       120.5           2
      0.1294       121.9           2
