# Target brightness temperatures:
         6         3
    861.0620   -340.6680   -213.5020
    462.4140   -147.1070    -31.2970
    328.8110    -70.5040    -35.5660
    242.8890    -45.1810    -19.3140
    187.6550    -24.5190     -7.6360
    138.4540     -4.1670     -7.2930
# Inverse covariance matrix:
         6         3         3
    0.005367   1.991e-05  -9.267e-05
   1.991e-05     0.00076   0.0001434
  -9.267e-05   0.0001434   0.0009603

     0.04088  -8.008e-05  -0.0008993
  -8.008e-05     0.04623     0.01947
  -0.0008993     0.01947     0.01686

     0.08788     0.01286    0.007124
     0.01286      0.1404     0.02908
    0.007124     0.02908     0.08577

      0.1419     0.02387   -0.001072
     0.02387      0.1526     0.08704
   -0.001072     0.08704      0.1492

      0.1657     0.03894     0.03082
     0.03894      0.1182    0.009631
     0.03082    0.009631     0.03355

      0.1908     0.06524     0.02399
     0.06524      0.1981     0.09504
     0.02399     0.09504     0.06498

# Additional TP data:
         6         3
      0.9872       161.9           2
      0.6575       148.4           2
       0.438       130.9           2
      0.2917       119.3           2
      0.1943         114           2
      0.1294       111.4           2
