# Target brightness temperatures relative to PJ1345689/PJ1345689.Tstd1:
# par:    0.087622     0.73228     0.56649     0.87621     0.43522     0.41386     0.45764     0.38937     -1.6593     -1.2304    -0.58981     0.93068     -15.183     -37.017     -9.6958     -0.1362     0.19141    -0.39774    -0.36828    -0.70789    -0.68699    -0.70044    -0.39725      0.4261
# lnp:      -12.79
         6         3
    872.6576   -393.0614   -171.5075
    472.7830   -153.1044    -22.2473
    323.5699    -68.1092    -21.1064
    244.4375    -47.4030     -5.4953
    190.9092    -21.7339     -5.0703
    149.2250     -2.9014    -13.4763
# Inverse covariance matrix:
         6         3         3
     0.01311    5.91e-05  -2.667e-05
    5.91e-05    0.004632   0.0001995
  -2.667e-05   0.0001995   0.0009514

     0.04466   0.0003023  -8.392e-05
   0.0003023     0.02041   0.0009095
  -8.392e-05   0.0009095     0.00263

     0.09545   0.0006327  -0.0002636
   0.0006327      0.1372    0.007299
  -0.0002636    0.007299     0.03308

      0.1673    0.001258  -0.0004662
    0.001258      0.2534     0.01392
  -0.0004662     0.01392     0.05529

      0.2743    0.001842  -0.0007065
    0.001842        1.35     0.06806
  -0.0007065     0.06806      0.2922

      0.4489    0.007295  -0.0009268
    0.007295       2.977      0.1403
  -0.0009268      0.1403      0.2788

# Additional TP data:
         6         3
      0.9872       165.1           2
      0.6575       148.5           2
       0.438       129.5           2
      0.2917       120.7           2
      0.1943       116.9           2
      0.1294       115.8           2
