# Target brightness temperatures:
         6         3
    865.0930   -340.9470   -222.1300
    464.0200   -147.8450    -34.5340
    329.5560    -69.8840    -37.2040
    243.7830    -43.3530    -22.4690
    187.2620    -24.6840     -8.6370
    140.0850     -4.1420     -7.3620
# Inverse covariance matrix:
         6         3         3
    0.005402   2.595e-05  -0.0001203
   2.595e-05   0.0007239   0.0001924
  -0.0001203   0.0001924   0.0008547

      0.0393   0.0002626   -0.002231
   0.0002626     0.04325     0.01797
   -0.002231     0.01797     0.01711

     0.08879   -0.002712    -0.01253
   -0.002712      0.1859     0.02645
    -0.01253     0.02645     0.07472

      0.1421     0.01187    -0.01811
     0.01187      0.2919     0.07836
    -0.01811     0.07836      0.1097

      0.1904    -0.08116    -0.01891
    -0.08116      0.3121      0.2446
    -0.01891      0.2446      0.7333

      0.1805    0.001487     0.02876
    0.001487       3.152       1.189
     0.02876       1.189      0.4913

# Additional TP data:
         6         3
      0.9872       165.1           2
      0.6575       145.8           2
       0.438       131.5           2
      0.2917       120.5           2
      0.1943       115.2           2
      0.1294       111.4           2
