# Target brightness temperatures:
         6         3
    861.3420   -344.7360   -221.4700
    462.4300   -148.8760    -33.8620
    330.1610    -69.1220    -37.9170
    244.6200    -43.0660    -23.9390
    188.4620    -24.6970     -9.2060
    139.6510     -4.3980     -6.0580
# Inverse covariance matrix:
         6         3         3
    0.005377   3.768e-05  -2.877e-05
   3.768e-05   0.0007447   8.603e-05
  -2.877e-05   8.603e-05    0.001018

      0.0404    0.001931   -0.001128
    0.001931      0.0403     0.01917
   -0.001128     0.01917     0.02004

     0.08886     0.00618   -0.006702
     0.00618      0.1842     0.05959
   -0.006702     0.05959     0.09592

      0.1518     0.02032   -0.008453
     0.02032      0.3784     0.08451
   -0.008453     0.08451      0.1466

      0.1921    -0.04942    -0.04539
    -0.04942      0.3219     0.09146
    -0.04539     0.09146      0.1304

       0.208     -0.1085     -0.1032
     -0.1085       1.834       1.327
     -0.1032       1.327       1.142

# Additional TP data:
         6         3
      0.9872       164.2           2
      0.6575       148.4           2
       0.438       131.8           2
      0.2917       119.2           2
      0.1943       115.5           2
      0.1294         114           2
