# Target brightness temperatures:
         6         3
    862.1070   -342.1530   -220.1010
    462.8560   -148.2930    -34.4850
    330.4930    -69.2280    -37.6650
    244.7380    -42.5390    -24.1260
    188.7590    -24.4860     -9.0970
    140.2200     -4.2160     -6.4000
# Inverse covariance matrix:
         6         3         3
    0.005378   2.898e-05  -5.887e-05
   2.898e-05   0.0007547   0.0001233
  -5.887e-05   0.0001233   0.0007817

     0.04066    0.001732   -0.001133
    0.001732     0.03952     0.01739
   -0.001133     0.01739     0.01791

      0.0889    0.005879   0.0003192
    0.005879      0.1799     0.04103
   0.0003192     0.04103     0.09649

      0.1545   -0.008783    -0.02161
   -0.008783      0.4022       0.121
    -0.02161       0.121      0.1493

      0.1943    -0.08157    -0.07868
    -0.08157      0.3722      0.1912
    -0.07868      0.1912      0.1968

       0.195    0.007233    -0.01912
    0.007233       1.821       1.002
    -0.01912       1.002      0.6359

# Additional TP data:
         6         3
      0.9872       163.8           2
      0.6575       148.3           2
       0.438       131.6           2
      0.2917       119.1           2
      0.1943         115           2
      0.1294       113.6           2
