# Target brightness temperatures relative to PJ1345689/PJ1345689.Tstd1:
# par:     0.33228      0.2827     0.61967     0.22207     0.44474     0.52301      0.6406     0.38957   -0.051063   -0.020829      1.0698     -8.8292     -12.814     -25.169      2.3317    0.058888   -0.068676    -0.41193    -0.22091    -0.55708    -0.85965     -0.5177   -0.045091     0.22611
# lnp:      -12.05
         6         3
    879.3843   -389.2838   -191.5797
    471.4088   -156.3661    -17.0619
    322.0120    -67.9958    -28.7462
    237.6342    -38.8422    -26.5506
    181.8267    -22.3927     -2.1586
    136.6100     -5.2809     -1.6510
# Inverse covariance matrix:
         6         3         3
     0.01289   5.141e-05  -2.518e-05
   5.141e-05    0.004748    0.000205
  -2.518e-05    0.000205   0.0009926

     0.04484   0.0002554  -8.459e-05
   0.0002554     0.02087   0.0009663
  -8.459e-05   0.0009663    0.003003

     0.09634   0.0006313   -0.000262
   0.0006313      0.1377    0.007133
   -0.000262    0.007133     0.03249

      0.1769    0.001587  -0.0004446
    0.001587      0.3054     0.01541
  -0.0004446     0.01541     0.05134

      0.3024    0.001962  -0.0008166
    0.001962       1.312     0.06817
  -0.0008166     0.06817      0.3079

      0.5355    0.008452   -0.001397
    0.008452       2.998       0.167
   -0.001397       0.167      0.3619

# Additional TP data:
         6         3
      0.9872       164.6           2
      0.6575         146           2
       0.438       128.5           2
      0.2917       118.6           2
      0.1943       112.3           2
      0.1294       109.7           2
