# Target brightness temperatures:
         6         3
    851.2230   -342.0420   -207.0160
    456.9020   -144.3490    -30.8380
    330.2060    -67.8500    -28.5170
    250.7210    -44.0730    -16.0980
    197.2820    -24.0050     -8.3940
    145.8360     -3.9500     -7.8960
# Inverse covariance matrix:
         6         3         3
    0.005392   1.105e-05  -0.0001451
   1.105e-05    0.000765   8.975e-05
  -0.0001451   8.975e-05    0.001334

     0.03971    0.001484   -0.001569
    0.001484     0.04713     0.01653
   -0.001569     0.01653     0.01491

      0.0761    0.004436   -0.009914
    0.004436      0.1945     0.06658
   -0.009914     0.06658      0.1113

      0.1259     0.06235   -0.000969
     0.06235      0.2921      0.1088
   -0.000969      0.1088       0.111

       0.161      0.0965   -0.008432
      0.0965      0.3139      0.1567
   -0.008432      0.1567      0.1328

      0.1429     0.09544      0.0159
     0.09544      0.2788      0.2051
      0.0159      0.2051      0.2082

# Additional TP data:
         6         3
      0.9872       162.9           2
      0.6575       148.8           2
       0.438       131.2           2
      0.2917       119.5           2
      0.1943       114.2           2
      0.1294       110.6           2
