# Target brightness temperatures relative to PJ1345689/PJ1345689.Tstd1:
# par:     0.76431     0.66666     0.40198      0.5941     0.41112     0.60101     0.34331     0.36274    -0.36842    0.027377      0.6976      1.5582     -20.779     -43.694     -15.675     -0.1117    -0.46723   -0.094059    -0.31925    -0.81516    -0.69076    -0.66554    -0.38592     0.16354
# lnp:     -12.991
         6         3
    884.9619   -392.8149   -180.0400
    471.0309   -156.5013    -19.9557
    323.3711    -70.0939    -24.6979
    241.0042    -44.9600    -17.6239
    186.8715    -24.3002     -5.7187
    143.0940     -4.1545    -10.3253
# Inverse covariance matrix:
         6         3         3
     0.01272   5.196e-05  -1.923e-05
   5.196e-05    0.005118    0.000221
  -1.923e-05    0.000221    0.001305

     0.04486   0.0002912  -6.711e-05
   0.0002912     0.02356    0.001101
  -6.711e-05    0.001101    0.003817

     0.09553   0.0004574   -0.000211
   0.0004574      0.1509    0.007961
   -0.000211    0.007961     0.04707

       0.172    0.001054  -0.0003705
    0.001054      0.3141     0.01676
  -0.0003705     0.01676     0.07702

      0.2863    0.001237  -0.0006991
    0.001237       1.333     0.06817
  -0.0006991     0.06817      0.4333

      0.4881    0.007391   -0.001021
    0.007391        4.27      0.2112
   -0.001021      0.2112      0.4537

# Additional TP data:
         6         3
      0.9872       164.4           2
      0.6575       146.3           2
       0.438       128.8           2
      0.2917       119.2           2
      0.1943         114           2
      0.1294       111.8           2
