# Target brightness temperatures relative to PJ1345689/PJ1345689.Tstd1:
# par:     0.23686     0.56421     0.53403     0.33064     0.66968     0.51276     0.69238     0.40173     -1.5769      -1.785    -0.63553  -0.0033582     -14.377     -22.067    -0.08731     0.40396    -0.11116    -0.30456    -0.43473    -0.67442    -0.76453    -0.70393    -0.18968     0.44075
# lnp:     -14.026
         6         3
    869.8915   -379.6302   -175.3272
    477.2390   -151.7430    -15.4313
    329.6835    -70.5561    -28.2785
    246.7395    -47.2876    -15.4906
    190.0620    -25.8565     -9.0966
    146.9446     -6.5002    -11.2069
# Inverse covariance matrix:
         6         3         3
      0.0132   3.308e-05  -1.361e-05
   3.308e-05     0.00543   0.0002352
  -1.361e-05   0.0002352     0.00134

     0.04385   0.0001757  -4.452e-05
   0.0001757      0.0246    0.001151
  -4.452e-05    0.001151    0.003855

     0.09197   0.0003084  -0.0001606
   0.0003084      0.1551     0.00789
  -0.0001606     0.00789     0.05048

      0.1642   0.0006745  -0.0002947
   0.0006745      0.3101     0.01661
  -0.0002947     0.01661     0.08627

      0.2768   0.0008096  -0.0005193
   0.0008096        1.26     0.05996
  -0.0005193     0.05996      0.4553

       0.463     0.00496  -0.0007387
     0.00496       4.293      0.2032
  -0.0007387      0.2032      0.4791

# Additional TP data:
         6         3
      0.9872       164.1           2
      0.6575       150.3           2
       0.438       130.2           2
      0.2917       121.9           2
      0.1943       119.7           2
      0.1294       120.9           2
