# Target brightness temperatures:
         6         3
    863.0880   -341.4990   -220.0000
    463.5380   -147.9730    -33.6240
    329.7390    -70.0180    -37.2520
    243.7920    -44.0760    -21.2580
    187.8020    -24.7670     -8.3460
    139.4130     -4.3760     -7.6390
# Inverse covariance matrix:
         6         3         3
    0.005415   8.959e-06   -7.12e-05
   8.959e-06   0.0007369   0.0001799
   -7.12e-05   0.0001799   0.0008952

     0.04024   0.0004571   -0.001571
   0.0004571     0.04547       0.019
   -0.001571       0.019     0.01821

     0.08704    0.002495   -0.003617
    0.002495      0.1927     0.02962
   -0.003617     0.02962     0.06159

      0.1512    -0.01075   -0.004557
    -0.01075      0.2814     0.08884
   -0.004557     0.08884      0.1044

      0.1717    0.007537     0.05904
    0.007537       0.436      0.1886
     0.05904      0.1886      0.2953

      0.1795     0.07998     0.04726
     0.07998       4.445       1.325
     0.04726       1.325      0.4266

# Additional TP data:
         6         3
      0.9872       163.4           2
      0.6575       147.1           2
       0.438       131.3           2
      0.2917       119.8           2
      0.1943       114.6           2
      0.1294       111.7           2
