# Target brightness temperatures relative to PJ1345689/PJ1345689.Tstd1:
# par:     0.30466     0.39498     0.92746     0.39842     0.39761      0.2296     0.61433     0.35649   -0.087954    -0.30015    -0.95155     -1.7578     -16.391     -39.459    0.055948    -0.20112    -0.09794     -0.1074     -0.4243    -0.45505    -0.61034    -0.68119     -0.8484    -0.43075
# lnp:     -11.642
         6         3
    874.9655   -385.9825   -172.7093
    474.4572   -151.2781    -17.1488
    325.6520    -66.2173    -33.9116
    245.2615    -38.4077    -30.8964
    191.6830    -28.1396     -8.4195
    144.6392     -8.2489     -2.4450
# Inverse covariance matrix:
         6         3         3
     0.01304   4.233e-05  -1.672e-05
   4.233e-05    0.005194   0.0002291
  -1.672e-05   0.0002291    0.001286

     0.04435   0.0002252  -5.476e-05
   0.0002252     0.02449    0.001165
  -5.476e-05    0.001165    0.003952

     0.09425   0.0004321  -0.0001777
   0.0004321      0.1607    0.008135
  -0.0001777    0.008135     0.04464

      0.1661    0.001072  -0.0002844
    0.001072      0.3656     0.01771
  -0.0002844     0.01771     0.06934

      0.2721    0.000864  -0.0006001
    0.000864       1.071     0.05419
  -0.0006001     0.05419       0.437

      0.4779    0.005361   -0.001071
    0.005361       3.547      0.2045
   -0.001071      0.2045      0.5384

# Additional TP data:
         6         3
      0.9872       164.6           2
      0.6575       146.8           2
       0.438       128.7           2
      0.2917       118.6           2
      0.1943       113.6           2
      0.1294         112           2
