# Target brightness temperatures relative to PJ1345689/PJ1345689.Tstd1:
# par:     0.38591     0.24618     0.81684     0.92743     0.31711     0.28393     0.36066     0.37135      -2.146     -1.7911     -2.4258      1.5999     -2.9292     -29.003     -9.7394       0.461   -0.022368     -0.5826    -0.38298    -0.79965    -0.84457    -0.74191    -0.32576      0.2628
# lnp:      -14.09
         6         3
    887.7433   -388.5935   -192.0737
    473.9630   -158.9579    -17.4106
    324.4656    -68.4695    -26.3971
    241.5184    -41.5832    -25.1437
    185.2792    -24.5827     -5.0110
    140.3584     -4.4668     -4.9399
# Inverse covariance matrix:
         6         3         3
     0.01267   3.414e-05   -1.67e-05
   3.414e-05    0.005054    0.000218
   -1.67e-05    0.000218    0.001191

     0.04445   0.0001757  -5.767e-05
   0.0001757     0.02245    0.001062
  -5.767e-05    0.001062    0.003653

     0.09494   0.0004379   -0.000206
   0.0004379      0.1488    0.007788
   -0.000206    0.007788     0.04101

      0.1713    0.001058  -0.0003443
    0.001058      0.3221      0.0163
  -0.0003443      0.0163     0.06419

      0.2913    0.001221  -0.0006604
    0.001221       1.262     0.06516
  -0.0006604     0.06516      0.3849

      0.5074    0.006802   -0.001068
    0.006802       3.814      0.2105
   -0.001068      0.2105      0.4575

# Additional TP data:
         6         3
      0.9872       164.8           2
      0.6575       146.5           2
       0.438       128.6           2
      0.2917       118.9           2
      0.1943       112.8           2
      0.1294       110.1           2
