# Target brightness temperatures relative to PJ1345689/PJ1345689.Tstd1:
# par:     0.94759     0.84639     0.28378     0.23601     0.83057      0.9117     0.44662     0.60933     -4.4829     -2.8765      -2.554     -2.8982     -5.1907     -7.9026     -3.7751    -0.46578    -0.14096     -0.4582    -0.40197    -0.79372     -0.5555    -0.66259    -0.59749     0.60481
# lnp:      -18.23
         6         3
    881.9943   -389.6079   -181.5975
    478.3302   -155.9606    -20.4565
    328.1268    -68.9336    -19.1532
    247.7108    -47.1558     -7.9871
    195.6917    -22.8595     -7.4563
    152.6491     -3.4216    -14.5527
# Inverse covariance matrix:
         6         3         3
     0.01283    4.21e-05   -2.13e-05
    4.21e-05    0.004888   0.0002099
   -2.13e-05   0.0002099    0.001074

     0.04362   0.0002147  -6.893e-05
   0.0002147     0.02147   0.0009745
  -6.893e-05   0.0009745    0.003033

     0.09282   0.0004918  -0.0002377
   0.0004918      0.1441    0.007746
  -0.0002377    0.007746     0.03927

      0.1629     0.00101   -0.000418
     0.00101      0.2744     0.01512
   -0.000418     0.01512     0.06524

      0.2611     0.00138  -0.0006206
     0.00138       1.356     0.06704
  -0.0006206     0.06704        0.34

       0.429     0.00636  -0.0007851
     0.00636       3.474      0.1574
  -0.0007851      0.1574      0.3189

# Additional TP data:
         6         3
      0.9872       165.2           2
      0.6575       149.6           2
       0.438       129.8           2
      0.2917       121.2           2
      0.1943       117.7           2
      0.1294       117.4           2
