# Target brightness temperatures relative to PJ1345689/PJ1345689.Tstd1:
# par:     0.21333     0.39223     0.45938     0.13684     0.47082     0.68283      0.3246     0.35549     -1.5291    -0.80592    -0.93966     0.40077     -19.932     -27.891     -9.2438   -0.065646   -0.087911    -0.39158    -0.37278    -0.40247    -0.73118    -0.90412    -0.88966    -0.54731
# lnp:     -13.316
         6         3
    882.9017   -386.6348   -198.8261
    471.9141   -157.5222    -11.5026
    323.5073    -61.7472    -28.3573
    241.0710    -32.2080    -27.8112
    183.6648    -22.7858     -9.1040
    140.7208     -3.5991     -2.2938
# Inverse covariance matrix:
         6         3         3
      0.0128    7.57e-05  -2.664e-05
    7.57e-05    0.004595   0.0001965
  -2.664e-05   0.0001965   0.0008762

      0.0448   0.0003746  -9.015e-05
   0.0003746      0.0195   0.0008872
  -9.015e-05   0.0008872    0.002629

     0.09547   0.0007975  -0.0002496
   0.0007975      0.1441    0.007495
  -0.0002496    0.007495     0.02881

      0.1719    0.001982  -0.0004051
    0.001982      0.3212     0.01618
  -0.0004051     0.01618      0.0451

      0.2964    0.002114  -0.0007631
    0.002114       1.214     0.05972
  -0.0007631     0.05972      0.2545

      0.5048     0.00858   -0.001293
     0.00858       2.705      0.1489
   -0.001293      0.1489      0.3066

# Additional TP data:
         6         3
      0.9872         164           2
      0.6575       145.2           2
       0.438       128.2           2
      0.2917       118.1           2
      0.1943       112.5           2
      0.1294       110.5           2
