# Target brightness temperatures:
         6         3
    857.7340   -341.0140   -211.3400
    460.9120   -146.4550    -30.0230
    329.6730    -70.1810    -32.0960
    244.7710    -45.5130    -17.8150
    190.0040    -24.5910     -8.0650
    139.7620     -4.1940     -7.3440
# Inverse covariance matrix:
         6         3         3
    0.005485   2.166e-05   -0.000145
   2.166e-05   0.0007602   0.0001388
   -0.000145   0.0001388   0.0009917

      0.0406     0.00127  -0.0009025
     0.00127     0.04387      0.0178
  -0.0009025      0.0178     0.01454

     0.08641    0.002471   -0.001647
    0.002471      0.1029   0.0002006
   -0.001647   0.0002006      0.0586

      0.1188   -0.003684     0.03203
   -0.003684     0.06676     0.01922
     0.03203     0.01922     0.08727

      0.1148   -0.004295     0.02092
   -0.004295     0.04105  -0.0007896
     0.02092  -0.0007896     0.03442

      0.1642     0.03811     0.02286
     0.03811      0.1611      0.1262
     0.02286      0.1262      0.1173

# Additional TP data:
         6         3
      0.9872       161.8           2
      0.6575       148.6           2
       0.438       130.8           2
      0.2917       119.4           2
      0.1943         114           2
      0.1294         111           2
