# Target brightness temperatures relative to PJ1345689/PJ1345689.Tstd1:
# par:     0.22913     0.59082    0.055535      0.5373     0.32285     0.33506     0.59916     0.34059     -1.2501     -1.1926    -0.97933     0.14995     -25.373     -53.212     -7.3098     0.32855     0.14337    -0.29183    -0.34507    -0.85103    -0.75207    -0.76835    -0.31405     0.32413
# lnp:     -12.824
         6         3
    877.8986   -395.8298   -171.0987
    475.9650   -155.4181    -25.3262
    324.9695    -70.6969    -23.3767
    245.1044    -48.5230     -5.1607
    188.1922    -22.2913     -4.5559
    144.7388     -2.7312    -14.2106
# Inverse covariance matrix:
         6         3         3
     0.01295    7.07e-05  -2.701e-05
    7.07e-05     0.00446   0.0001911
  -2.701e-05   0.0001911   0.0008724

     0.04406   0.0003543  -8.396e-05
   0.0003543     0.01924   0.0008466
  -8.396e-05   0.0008466    0.002389

     0.09463   0.0006501   -0.000252
   0.0006501       0.126    0.006646
   -0.000252    0.006646     0.02963

      0.1663    0.001311  -0.0004477
    0.001311      0.2358     0.01289
  -0.0004477     0.01289     0.04976

      0.2823    0.001944  -0.0007127
    0.001944       1.255     0.06327
  -0.0007127     0.06327      0.2631

      0.4772    0.007825  -0.0009756
    0.007825        2.71      0.1271
  -0.0009756      0.1271      0.2511

# Additional TP data:
         6         3
      0.9872       164.8           2
      0.6575       147.3           2
       0.438       129.3           2
      0.2917       120.2           2
      0.1943       115.9           2
      0.1294       114.2           2
