# Target brightness temperatures relative to PJ1345689/PJ1345689.Tstd1:
# par:     0.55015     0.37568     0.95125     0.64799      0.5295      0.8571     0.49433     0.46889     -1.2388     -1.7428     0.20636      -4.112     -2.3804     -9.2709     -1.8727     0.34366    -0.11237    -0.73258    -0.32284    -0.69221    -0.79568    -0.61484     -0.3848     0.51048
# lnp:     -17.347
         6         3
    881.2715   -386.1651   -183.9996
    477.2902   -155.2584    -13.8394
    331.0274    -68.5494    -23.3508
    250.0527    -47.3485    -12.0396
    194.5733    -24.0445     -7.9503
    151.7114     -4.8586    -12.2109
# Inverse covariance matrix:
         6         3         3
     0.01286   3.192e-05   -1.56e-05
   3.192e-05    0.005159   0.0002217
   -1.56e-05   0.0002217    0.001222

     0.04385   0.0001683  -5.199e-05
   0.0001683     0.02304    0.001068
  -5.199e-05    0.001068    0.003522

     0.09122   0.0003694  -0.0001892
   0.0003694      0.1546    0.008165
  -0.0001892    0.008165     0.04608

      0.1599   0.0007571  -0.0003364
   0.0007571      0.2943     0.01609
  -0.0003364     0.01609     0.07737

      0.2641    0.001009  -0.0005456
    0.001009       1.349     0.06607
  -0.0005456     0.06607      0.4081

      0.4344    0.005367  -0.0007207
    0.005367       4.015      0.1881
  -0.0007207      0.1881      0.4039

# Additional TP data:
         6         3
      0.9872       164.6           2
      0.6575       150.3           2
       0.438       129.8           2
      0.2917       121.4           2
      0.1943       118.8           2
      0.1294       119.6           2
