# Target brightness temperatures:
         6         3
    865.4700   -339.5210   -223.7800
    463.8260   -147.6280    -35.2890
    329.4570    -69.6880    -37.4290
    243.1450    -42.7820    -24.0710
    187.1150    -24.5350     -8.7640
    138.8990     -4.0870     -7.2810
# Inverse covariance matrix:
         6         3         3
    0.005395   2.441e-05  -0.0001058
   2.441e-05   0.0007287   0.0002046
  -0.0001058   0.0002046   0.0007209

     0.03968   0.0006276   -0.002509
   0.0006276     0.03982     0.01663
   -0.002509     0.01663      0.0153

     0.09019    0.002478   -0.001266
    0.002478      0.1976     0.05637
   -0.001266     0.05637      0.1265

      0.1522     0.01276    -0.01384
     0.01276        0.33      0.1076
    -0.01384      0.1076      0.1218

      0.1734    -0.03248    -0.01223
    -0.03248      0.3419      0.1523
    -0.01223      0.1523      0.1507

      0.2005     0.05711     0.03959
     0.05711       1.197       0.503
     0.03959       0.503      0.2493

# Additional TP data:
         6         3
      0.9872       166.8           2
      0.6575       144.4           2
       0.438       131.7           2
      0.2917       121.3           2
      0.1943       115.7           2
      0.1294       111.2           2
