# Target brightness temperatures relative to PJ1345689/PJ1345689.Tstd1:
# par:     0.36097      0.2694     0.26892     0.67435     0.33903     0.64194     0.18847     0.35299    -0.16542     0.28726     0.28098     0.52933     -35.386     -41.975     -16.866     0.38899    -0.18892   -0.014072     -0.3926    -0.40056    -0.37398    -0.86634    -0.93591    -0.31645
# lnp:     -9.8316
         6         3
    868.1815   -381.2390   -161.5668
    475.8388   -152.4269    -18.1949
    327.3284    -70.0470    -34.7305
    243.2633    -45.0442    -27.6012
    185.9596    -32.0323     -2.2578
    141.1690     -9.1678     -7.1810
# Inverse covariance matrix:
         6         3         3
     0.01323   5.611e-05  -2.843e-05
   5.611e-05    0.005009   0.0002239
  -2.843e-05   0.0002239    0.001103

     0.04405   0.0002682  -9.001e-05
   0.0002682     0.02239     0.00106
  -9.001e-05     0.00106    0.003365

     0.09325   0.0005945  -0.0002672
   0.0005945      0.1371    0.007048
  -0.0002672    0.007048     0.03582

      0.1688    0.001343  -0.0004663
    0.001343      0.2775     0.01421
  -0.0004663     0.01421     0.05786

      0.2891    0.001092   -0.000869
    0.001092      0.8324     0.04481
   -0.000869     0.04481      0.3666

      0.5015    0.006916   -0.001363
    0.006916       2.829      0.1546
   -0.001363      0.1546      0.4039

# Additional TP data:
         6         3
      0.9872       165.3           2
      0.6575       147.1           2
       0.438       130.1           2
      0.2917       120.4           2
      0.1943         115           2
      0.1294       112.9           2
