# Target brightness temperatures:
         6         3
    846.8470   -343.3660   -204.2360
    454.7420   -142.9540    -33.2380
    327.1580    -66.6590    -30.8220
    247.1710    -42.4840    -15.8280
    193.8180    -24.2040    -10.1130
    144.7000     -2.9950     -8.0140
# Inverse covariance matrix:
         6         3         3
    0.005605   1.342e-05   1.626e-05
   1.342e-05   0.0007664   6.262e-05
   1.626e-05   6.262e-05    0.001339

     0.04114   0.0007233  -0.0008086
   0.0007233     0.05022     0.01697
  -0.0008086     0.01697     0.01661

     0.08829   0.0005957    0.007186
   0.0005957      0.1761     0.03878
    0.007186     0.03878     0.04302

       0.148    -0.01661    0.004889
    -0.01661       0.325      0.0808
    0.004889      0.0808     0.04467

      0.1717    -0.05025    -0.02026
    -0.05025      0.3123       0.103
    -0.02026       0.103     0.04666

      0.1616      0.1134     0.04106
      0.1134      0.5004      0.1642
     0.04106      0.1642      0.1053

# Additional TP data:
         6         3
      0.9872       164.5           2
      0.6575         149           2
       0.438       131.9           2
      0.2917       119.9           2
      0.1943       114.8           2
      0.1294       110.6           2
