# Target brightness temperatures:
         6         3
    862.2310   -341.0150   -216.2480
    462.8690   -147.7150    -32.5110
    329.1740    -70.3280    -37.0940
    242.9530    -44.7250    -20.3110
    187.1890    -24.6770     -7.9720
    138.6570     -4.2960     -7.4370
# Inverse covariance matrix:
         6         3         3
    0.005305   1.365e-05  -3.791e-05
   1.365e-05   0.0007529   0.0001588
  -3.791e-05   0.0001588   0.0009193

     0.04121   0.0003325   -0.001472
   0.0003325     0.04629     0.01962
   -0.001472     0.01962     0.01819

     0.08398     0.00142   0.0002825
     0.00142      0.1974     0.05388
   0.0002825     0.05388     0.08498

      0.1355   -0.005083    -0.02657
   -0.005083      0.3676      0.1966
    -0.02657      0.1966      0.1961

        0.13     0.02577     0.01625
     0.02577      0.5351      0.1025
     0.01625      0.1025     0.07532

      0.1655      0.0751     0.03525
      0.0751      0.7806      0.2788
     0.03525      0.2788      0.1229

# Additional TP data:
         6         3
      0.9872         162           2
      0.6575       148.3           2
       0.438       131.1           2
      0.2917       119.2           2
      0.1943       114.1           2
      0.1294       111.8           2
