# Target brightness temperatures:
         6         3
    865.0160   -337.9670   -223.2230
    463.6420   -147.5920    -36.0840
    329.8030    -69.3800    -38.1630
    243.4490    -42.1620    -25.7180
    187.4150    -24.4520     -9.2060
    138.9380     -4.0260     -7.1790
# Inverse covariance matrix:
         6         3         3
    0.005374   1.199e-05  -4.723e-05
   1.199e-05   0.0007397   0.0002172
  -4.723e-05   0.0002172   0.0005605

     0.04021    0.000344   -0.002152
    0.000344     0.03651     0.01526
   -0.002152     0.01526     0.01317

     0.09018  -0.0005597    -0.00465
  -0.0005597      0.1879     0.04711
    -0.00465     0.04711     0.09269

      0.1474     0.01793   -0.004064
     0.01793       0.345      0.1138
   -0.004064      0.1138      0.1036

      0.1733     0.02222    0.006809
     0.02222      0.3991      0.1773
    0.006809      0.1773      0.1163

      0.2114       0.194     0.09909
       0.194       1.175      0.5294
     0.09909      0.5294      0.2675

# Additional TP data:
         6         3
      0.9872       165.9           2
      0.6575       145.6           2
       0.438       131.7           2
      0.2917       120.6           2
      0.1943       115.5           2
      0.1294       111.9           2
